$ANSIBLE_VAULT;1.1;AES256
62396533393335663332346434386363643430386166336137353036663463343930326130643864
3236376130373635323130613838323633346339663431310a393033343438613362356437396630
63396366393337653262623061386530353661626230613136393837616565343430373965306566
3239353634373134630a313631373664653861383966666231386265656666313939616632613135
36396134646531653334383634656539383262383135343161343762623663326339613035653231
31646633353838643935376436393466623831363664363230646131396463356165663365353463
39633364383464643936346236393964363237623434653464363766326337396139626534366138
35393638353739303536386433346338633764313762656263663133353861363565383166616364
63346537373163636238653333303763663031313765666130636364333434333336616430633863
32353532396131313236383639383432363330643366303630316534326436386231663135386664
36663537373666343836313532343861636536323036376333653533626336653064386436613362
35333331653339353063366432623862323538616261616537343663343934323332393966323563
37353165366435326538386366666539353636613537373061393236316262383932323532353738
32643936336330656236616132646266373537313730343535363038346163323863613662613037
65343266316266303363343233633330646539393536643265656366323830326565633135376430
36666139616232623130353464393232373137313461336530363930623231323266303530633539
34343538616566376337326265626131376233366338383830373138303361653832353338343165
66613332646431363562316436666336653962393665343939633366613038633865313664373762
39323233656565373663636362656266653734336163393761303839633562646530343762323637
39313835343732666433373530653665653830643238363663386430343666333162653531396163
37636336323134626438393434633939356631346361323965306266313465656630643733623163
37383565366438303539323833323139363035663533633965633037636634643765316434323562
64636335323433656635376362363134333864383931636133376539616565303464636663626332
31656133316636616364383535633031343161363439313361346663313264626665353534343766
66663061626261363665636131663538346665666462316165666335636137653139656336356264
65333064313232396236306531613636666364373033326330323033356365333835353763396637
34333639323136636666366131313264613836323337323061373765303830636466616563353861
34333334653439393434313237356632376536313866376331646336363866663765373037646536
37633639363536383436653865383936363063663961396166363665353666336233613737623531
32623862373035333736663836346165336632326162636537316430613861613234393339663131
33363933343364626133393161623531666366666262383163383462373635613332643562366236
65316531313961623733646262343363616338653931646633636133303632373238373366633139
36656663366132353065623330656561373035666466383732336330643637373130643035333466
65346566316238386363363238353439653534646364383461383965356639643631653634393935
37313438396466303731663934633632663365396366373565323866623435663833316565343562
65333733653533386132613739343562376266373139653231396433336238616433303866373236
34616334356538363963656538326663616233393530323361393862323437376135656434323963
34386437376239303335366163313031653264353634646463303965353230376533623031386365
34623366323061643633373734323536306430613765393462623238396262376164316434396666
61616662653565303838653432333863393339303939633839636533363732333833383963303835
62353763646565623332663866393163393461656331333335363930376566663930313430613734
33386437363866643963303462366661643532366431616438336230383266346662306336393262
31356438323561326564363436613036623632336232396635383365316664356337613861633664
37643664666137376330323266643962363833663839316536306635326461663764396337396138
39303363343532616462646632303634613665313535333264353030646639353066663032373138
32626164323765623331643139336466613063653863646264376532653333376135373530383935
38623538316364396263626339303264646634383465346439326462366365363137306162356235
38396437376631623539323835616433653166336466656362666439343634323338333863313265
63666534663530613165643564663132363536643562393363353464363639363363613036393033
38616630386461356635313764613333656165653462326432656132306139613961616164323335
65613234313233383538653462393039386366396532653630316437333237343238353863646664
31336633626462613665336264303631363036386163613837363131313936363766326264623264
64313561393438306437393865353037346437326461386566303266633431373531663662383866
63656662386266383739653734363134306363393766663634656136636663366432616138346433
37326431633839396637306363626537313933306339636639613066386636623237633266346438
37323431306161383130303239373966663861663330653166326538306364633763326331313764
34336330323837306136303739383939316439316436343234633730333139616562623636363930
38313266326633373430333465313464613233633930366237336663356636616230356464616532
66363466323664333337313031306466336262383965303934346238613937396336626131363038
66326534616661393635666637646663653033396165663963656433303131363039383164633233
30653334363938623133653138373938343265356439663832373965373761633830393530653335
33333064323236333961633134393963613032316638643239623138366132636333366630383433
30663435306135633037323762393863396532633766643937306434306563356133306133333735
32323336626165353435636161623936633363643336326136363939343063643865623262366430
30373537383833613062613564633962303761393330303934386563343331633132663631343230
35376162333932336337336535313533326330623831643162373634643835386437306235363261
64343135343232343030623665613039616663623336333833373633613034373362303131643161
31333766616565656336623236393930353632396664666266656634623366643564653361373163
30313563653862613561323863306237386637393561343961313665396464303963626134626337
63646632623763343433383961646663396230383539323762643861316430393030343538653337
34336263336462376636303465623963336163343765383962643833323030613032636635396331
38323362383632383430353661623166623333306136393939396566353033303762663436306565
31373162343738333663646133376239623831396638323930326264393137323736656333356435
39663232626334656134616463336163643964313235636633666230636539336466633838663731
32336466303131646633353435373133343137376337663463356464353233316164316465373330
33616461363461663062393664343732623131633063353164373135323965343534353932623635
64613364383634303666343833323165633631366633326361306237623738646161633734613562
65623664383136326237623235393461333066303766306132326537346536336238363532316239
36393832616436613031656162373765313664666565346662316534633765343333326235316334
61646434323431326363386233313831393730653562383335373163666136643338393332643439
35626662303064366537346162386638653564653861656438393764643538373139623361663262
64353930363633363735356634643966663662313661646233663138363564326231363736646165
35656466366535336264323439663265653539613330363537343265633864376665613133353736
32653131343432396531643663626233393939363164613230333834313931616634366263633834
38626535646337653339666166636163663031633061343066343634663633623261393834623262
37306663303566386534623830643130336434343061353830653161626533666134373962613533
63313031666566643761666562366364383863343330633964663361303266613036623135653539
38646361646535646335393734663539303431653136383032616337663665666233396334653464
61636530633861313133646130353239356437393332646336316635653634643539663866636165
35633235396435316161653738323665653463633935313538626563383061386165303862326339
33363436373834626235643330393931396663643464343938326432376638343766363362663934
30306166353131663131653965653265336630363766396434373266393134623430616662643030
36396464646538373739376166366131616261376366363363323935313631333665313435336366
64613763306566636139663937316230393438383765316266373034383161633065373266613236
32366636373566636332623438653863333761363739383530313336386330393334626365343034
66393336306134643631343334333333616362363031306232303431396162323930333464633166
35666261323637316262323732653461383732646561616365363864636566326533346564613832
66333236356638613730393633396364386636363563643331633062306563316532373364366538
32363133643962613862376163616339313238326431633331353061646361613362326265353338
30303863656630636431396266393463353939306565303637333766386534636231326237343837
61656361363164393033646266343437356263326664653465636665306139393131313437616164
61383064613936306465646233616439343730393061663934343939333431376236393234386530
32333364356361383764323533633933656566363934306139646430333863636333653861653539
33333932306365386266396636636339383562366533306338633238383832636133663138666264
3934
