$ANSIBLE_VAULT;1.1;AES256
38333561656665343332323935313233393637333864626563313634323761383239373139326331
6466393739666234303063376536336561353632636537330a376534343634623735643962343339
37366434363563633065356436393233303062363131366261613439343765323232303938336131
6664313037393431620a656364393234396538626632666235653564326434363462376665373536
39366135343063373365373361653239303830633338306464383365633462366239316235363933
32386262326566623736343230656134326337333736306235653763306237636366313132313265
30393834613239383164666166333065353063353530316532323063333864353433623133616130
32393937373035303666353732323435626335383566623438633935333937303262326339306538
32653135396638316261613564636138313632326331373331396635343134393231313937326532
39613430356631393139313933363565626131653139306165636136656139623936303639636534
32306333373464373230633263306230626336336632663436313136393531616165386562313962
33343366616232323330613761646537663165613263653830393534353435323437636439303938
31643164653430333961393461356532323463666265333035393438363864353765623939393661
36363565343834373664376239333735376462643162383063323463616666653538656566323832
38396131353237663038666365663633336665613866356331333030343665643762306636653463
62643032346131623731366530643963613236353061326233353832613363363761333763313936
64343534353362393439643335343439346635353363633661353638636563336633353539366530
66383563666666386664326363316231623435313265366539666366616536323530666563663730
63363962363162623063343264343536323561333430386563343431663563313938376665353735
38386439343739663931373938633665636530393166313366643764643532393437336432303362
36353137333737663733323232643834643238636437646237336666346662343033643533376631
34646463633535353235323465613966363430363162656539323734306137626639386236333463
65643239666665303830303461396134643031636639393364613065303538386662633566393331
65306635613031646133313363346632623430376231666636646364663465336332366662343032
39623866353263623762363137383537396439623539376332333832366539646363653061653364
61323236643465646537366366313434646333313838313230313965636434366438633362643638
30363863303732633638366238386638646431303035613235373537663232646330656130386339
32373866313336613435333734616365373631623434623639313064363063343966353964646162
34316230383439663836336463396363346362643235323431303939313131636634336337383832
31626262623535336633626336643333663662316532313561666437373532313663376431643432
38623763333234633536373738633737343763303463366235613362363732343963613234313935
32333337376265333231623938663637363231306139663865643735656632353838623335393838
36343861346331623037313562326431316566393732383964323562653931376430623035663631
32613065323862393666616162303636386363353430613335616234613237346466373061613364
31336165663034643136353233333935323932383530306165623663333235393332336461336263
39383433613032666636346264333831333036393236383535393737636437386462623136393432
65616433373330306464386562626564313562636264383461306261303564383433346536323030
64663130383134383137626262313464633837323637613230383231383266346362393964373061
36346665616639656566313531316363393139643436626466343664663061646638303966663638
30373865396633613739303864376665653365303735663065313434363236623835356434376161
30383539363664373936623463363131653539613962663361653233393533633132363766346464
30346662653439616337656331613534633064316361653231346365326630353331306431343831
39633265363866653363656364316162336134663038376532326466333131383234333230313766
65663362613235386466333132666536633938646262383933333530623438313463363237636535
63613166303466326661663264633938363134643731646535616537316230323337663163313039
66366238633261336362343963313966656665383132613035643365303461306239306162333231
36666463396233346133336230343539333632363734356431333234303432633566303366343561
33336136333066383438643466653563356638306138356535643764366539333237386136383963
64323935613230356330653832386236613363336434666330373532343332313033643161356537
64333031363661373739373138353132333133643631616530616130346336303261303238653866
34396139376131653865303537666166313133653965656466353935663166313762623433336539
62303237323565336566663662363831333361306630313833393238643764303931623133663663
33623135373264353231616230363936336636366666303031383333363636303735386539343231
65663431373838646139316534343331353337613338303636636638326332326165356134396533
30636536613038636232373632336530353631363538303466386134616339383930623238393434
64353865343735376466653861663034306231653333316630613031616435633239303434363662
65353433376337373530326634653235343764363632646263323163656462326665666366373861
37313134613563336338613431353533613638646266353533313161313138393236373631366563
34333530336630383961306235633534666336613938656337663164633561353138376566666431
30346432636264383034353931373666383436373835653639623136316532623364363036316164
37626332626361613061646535333961373036643761633163373338356362663562376338303433
33613736313864636431323463653766366535316533323035323135646434316234363864666164
66613830323664646436643738363936333436613939383731313765613232306232663636303065
38626530313035396366366434363463333333643236336332316165303431633135383761393864
64333365656366613430633131383062303131323537623031333232383662663861376663363139
30343261663931383831656563613330313231383333323234333937313733663938346261393633
66643432623935343961633633316534653234653333616361393462333135393535363031386332
63313732623963313562373335653835393237616233353432336435386464386466376639663139
64666662336238363232623031336338333634636462663762306139323966373737313763386366
64383830373036336437336165323664663134386637393434356465623138383566376662373163
64333764393934313738353339613964333736653162316536343335613337653461633637346535
38383664396639393863353631316337356364313864613666383031363564616230363961363365
39613530643366363733353966363235373634373738343034326637666332396465653636306365
61346666613437613836626535396530316362303563373936376563623364663436643932366662
39333432376530626234663561313465393262323065636131316331323965373061353038653239
65386235373835633332393034383831363233633565386439313761366631626361336166643339
37333433666565623331343237386165323039613265333764646131633430666632623162636536
63356263653633643332326163633935326333383130653532323930363866663039653136663966
36353432666135386662636166393439653265663734316235303766623130313839306533636538
37616264353132363034626535373835323539353530656537336134616564303237333038383831
36663334663166616130353861656234396133383031343335333939616261366639313437316632
37346538633833363265346462303263646134616163386338343537636435666161643062343437
38393765393230393238336532623962626433633233353464656134376161393465326362363830
38373339656330616366373232376166346437613066353534636661396234363531336133623464
62663630313064396332396463386332303861313431323634333634646138336236666134353735
38303635623033316337613336616564636538333435303038636564386565633534616634646334
37366539633862656433363062636232346130643562646533353137663761656131343232376565
32616431656230303436356433633763363031326438623030306333336461333164343665643030
32303435616633636466303634663239303330663763613235383337343238363337316563613635
35616466356430323334313435636530666539663634383663336438303161316336346165376166
36623634386163373935646164383537613064383937373166313561653865623939336538383038
39616466366562393066626532646636333361326562353864623538363361633931656461666636
35333737643736653964653934356561366661303463336537343965623636316666393262306537
38613965343037323366386135633163636134323334373937313361383564303966336466333266
36646336383734323465373638356139373865346461383030633533623363636537383636323336
65643636313564333033
